Particles= 1
Dimensions= 1
Energy= -6.83523
Alpha= 0.55
Variance= 4.20483e+07
AcceptanceRatio= 0.998446
